$ANSIBLE_VAULT;1.1;AES256
31376263383166616663633337313234373863306364663637383166646438623539636564643137
3962643965646365336539613664633139656666363235390a663335356162623738333333383336
63396132356633336364376163653063613032333737643130313961356630636537323662363232
3263323131646230370a663563613231373731613461333338306237633366626562666366343538
35373432306262653132346666386438386433366365363532353035666566613462303139333733
36363235656562326164343832626334636435323734303662666237383166373530353864643033
35306664386437633938633830363637613739646334336666386438383334303636336638386165
64653865333664643435343165323533666436363235393132393831343437626132656466653439
33363439316361366633636234323365353533626231633862613361373737373931376331396434
36393139636363343936343332393730313537393333643661346139366535393330666239313064
36386662393031366437353032366163323538396338613165373464373635623466336365346262
66373636316435316633
